# FEAT_ID     Feature Postfix Expression (RPN)
0             22|5|div|33|3|mult|sub:3.6353717247818e+01,0.0000000000000e+00,-1.6333725443959e+00,-2.1107612638189e+00,-8.3603954521497e+01,-2.7244415324068e+00
1             15|7|div|35|0|mult|sub:8.0162709043102e-02,0.0000000000000e+00,-9.5066452236886e-01,-6.6202005119189e-01,-4.1202971451854e-01,-1.7181592522532e+01
2             2|5|div|28|2|div|sub:2.5763149810341e-03,0.0000000000000e+00,-3.1190954737240e+04,-3.9621920797749e-01,9.6344640572471e+01,-2.7106280383895e+00
3             17|7|div|34|2|mult|sub:1.0873345386406e+01,0.0000000000000e+00,-7.3756305485771e-01,3.3412731655445e-03,-9.3067258605191e-01,-1.7668056648534e+01
4             4|5|div|3|2|div|sub:1.8185205899435e+00,0.0000000000000e+00,1.6440617540625e+01,-3.9239507188380e-01,-8.2087056245876e+01,-2.7113740125805e+00
5             15|7|div|34|0|mult|sub:8.3355584088529e-02,0.0000000000000e+00,-8.5986898935637e-01,-6.4259418831533e-01,-4.1305983924434e-01,-1.7186382356127e+01
6             23|5|div|3|2|div|sub:1.6278965122393e+00,0.0000000000000e+00,-5.2207914756216e+00,-3.8479854291014e-01,-3.0041253007604e+01,-2.7136848462763e+00
7             6|7|div|27|2|mult|sub:2.8889047248238e+01,0.0000000000000e+00,-1.0255536383762e+00,-3.0168270710456e-02,-1.1314717335665e+01,-1.7208058509451e+01
8             0|5|div|3|2|div|sub:7.7124694068685e+00,0.0000000000000e+00,-6.0959157819390e+00,-3.8495314046537e-01,-1.1708904086834e+02,-2.7109979002734e+00
9             24|5|div|3|2|div|sub:1.3346539822132e+00,0.0000000000000e+00,-5.6282269592808e+00,-3.8458746403255e-01,-2.3335185941901e+01,-2.7130709271719e+00
10            2|5|div|35|3|mult|sub:3.0692634007384e+02,0.0000000000000e+00,-8.3305029544012e-01,-5.7699160916890e-01,-1.9072694299128e+02,-2.7110305350453e+00
11            1|5|div|35|3|mult|sub:1.5167024693122e+02,0.0000000000000e+00,-8.3301957246544e-01,-5.8253345645004e-01,-9.3973346697165e+01,-2.7109370419098e+00
12            19|7|div|38|2|mult|sub:2.2876782613512e+01,0.0000000000000e+00,-2.0217119506509e+01,5.9209819957012e-03,1.1811693808832e+02,-1.7733305737481e+01
13            37|13|div|28|2|div|sub:1.7049214193291e+03,0.0000000000000e+00,-1.6144777736153e-01,-3.4518568998312e-01,-8.1485204366006e+01,-1.1247479813342e+00
14            2|5|div|3|1|mult|sub:1.1737223287139e+00,0.0000000000000e+00,-6.1126261910215e-01,-1.8919650905079e-03,-6.3290179161229e-04,-2.7053734993213e+00
15            13|5|div|34|3|mult|sub:1.5889198530540e+02,0.0000000000000e+00,-7.4081270532360e-01,-3.1584880285655e-01,-9.2349859597152e+01,-2.7109198352918e+00
16            2|5|div|0|2|div|sub:5.9445793486087e+01,0.0000000000000e+00,-2.8115958001653e-01,-3.9617282672287e-01,-8.8425485540235e+01,-2.6982260642877e+00
17            16|7|div|34|2|mult|sub:1.7832959365172e+00,0.0000000000000e+00,-7.3693869807869e-01,-1.4383789148196e-04,-2.9364646347187e-01,-1.7600130552847e+01
18            22|5|div|38|0|div|sub:4.4758524646217e+00,0.0000000000000e+00,4.3224469116272e+01,-2.5270877163525e+00,-9.8463811011779e+01,-2.6957407988360e+00
19            0|7|div|35|2|mult|sub:1.2238492011280e+00,0.0000000000000e+00,-8.1714223049852e-01,5.0896626582257e-03,-6.8821940423704e-01,-1.7656654208624e+01
20            20|5|div|35|3|mult|sub:9.1985906430919e+01,0.0000000000000e+00,-8.2793566773103e-01,-1.1370226989080e+00,-7.3487878607973e+01,-2.7112973628993e+00
21            17|5|div|38|0|div|sub:3.0277742102784e+00,0.0000000000000e+00,4.3772775832618e+01,-2.5267544679811e+00,-9.8751986852344e+01,-2.7010773858664e+00
22            18|5|div|38|0|div|sub:3.1779632016430e+00,0.0000000000000e+00,4.5999916652716e+01,-2.5241804585850e+00,-1.5735643277827e+02,-2.7086529746028e+00
23            16|5|div|38|0|div|sub:3.0623462291680e+00,0.0000000000000e+00,4.5863958187561e+01,-2.5246752204429e+00,-1.5031990629992e+02,-2.7085806424270e+00
24            33|8|div|34|2|mult|sub:9.0825367174079e+01,0.0000000000000e+00,-7.3719920340585e-01,2.1684008466962e-03,9.4638326281593e+00,-1.5111157926946e+01
25            36|2|mult|29|7|div|sub:1.0869956092782e+00,0.0000000000000e+00,-4.1579366561123e-01,-1.7653705456628e+01,-7.8200367002053e-01,1.4201174579123e-02
26            21|5|div|28|2|mult|sub:2.2239406076463e+02,0.0000000000000e+00,-4.5483548433984e-01,-2.7891151109430e-02,-8.5731054353997e+00,-2.8205602722605e+00
27            18|7|div|34|2|mult|sub:5.1510299321417e-01,0.0000000000000e+00,-7.3792518097991e-01,9.6352332339176e-03,-2.3844909760609e-01,-1.7448972360555e+01
28            22|5|div|20|2|mult|sub:1.5786213789466e+02,0.0000000000000e+00,-9.0587230657818e+00,-1.4422884150463e-02,-8.9857452813995e+00,-2.7142519967485e+00
29            15|5|div|34|2|mult|sub:2.8186925652110e+01,0.0000000000000e+00,-7.3504510992025e-01,-9.9866371414675e-03,-1.5372548342171e+00,-2.7496752648420e+00
#-----------------------------------------------------------------------
30            13|3|div|10|4|div|sub:2.9904663691164e-01,0.0000000000000e+00,-8.1860056297895e+00,-2.8508406568182e+00,6.4073748555162e+00,1.8447874611945e-01
31            0|2|div|13|19|div|sub:4.3042975140632e+03,0.0000000000000e+00,-1.2395480036467e+00,-9.2566254534476e+00,9.9638888362684e+00,2.1502792276847e-03
32            16|11|sub|42|25|div|sub:4.1356673587337e-04,0.0000000000000e+00,-4.3185213577076e+01,-2.1511410708502e+00,4.4704764140797e-04,0.0000000000000e+00
33            10|4|div|26|3|div|sub:4.1844829217388e+00,0.0000000000000e+00,8.3945129245749e+00,2.4512485218387e-01,-6.0718095447082e+00,-2.9083471376577e+00
34            42|40|mult|39|25|div|sub:1.2257760637049e+01,0.0000000000000e+00,-1.0089186534919e+02,-2.1510390746633e+00,-1.6371825978972e+02,1.6293334042094e+01
35            39|26|div|29|5|mult|sub:2.0188158915709e+02,0.0000000000000e+00,2.5486308789989e-01,-2.3649842297348e-01,-1.0095542601460e+02,-2.1488162666653e+00
36            16|2|div|32|26|div|sub:1.8840960992945e+01,0.0000000000000e+00,-1.0892492890943e+00,-2.1465919325793e+00,1.4984562898177e-01,-5.8487123554181e-03
37            15|38|div|25|19|div|sub:1.9005379065770e-02,0.0000000000000e+00,-2.2585732932231e+00,-9.2587798761430e+00,-2.9975104500493e-01,3.5404186612524e+00
38            3|2|div|11|4|div|sub:4.3912221105498e+00,0.0000000000000e+00,-5.5067834436649e+00,-2.9033264202532e+00,-5.3331525568043e-02,-4.9410343039393e-02
39            9|4|div|3|nexp|sub:3.4330036661516e+02,0.0000000000000e+00,2.4692937511497e+00,0.0000000000000e+00,-1.2612096021402e+01,-2.9122816554332e+00
40            3|1|div|12|2|div|sub:3.1983080277027e+01,0.0000000000000e+00,-1.4457447997399e+01,-5.9131942698725e-02,4.9662007083955e+01,-2.9882393133135e-02
41            16|3|div|10|4|div|sub:1.2705808121760e+00,0.0000000000000e+00,-8.2615196665866e+00,-2.8482248081631e+00,3.3010324906200e+01,1.8943899664565e-01
42            10|4|div|32|3|div|sub:2.0400831109383e+00,0.0000000000000e+00,2.1135526829062e+01,2.6317765012285e-01,-6.1591048663741e+00,-2.9063749292138e+00
43            2|3|div|10|4|div|sub:2.1689167371359e+00,0.0000000000000e+00,-5.9853463567069e+00,-2.9064281948558e+00,8.9207807106166e+01,2.2692896440939e-01
44            1|3|div|10|4|div|sub:2.3138115054142e+00,0.0000000000000e+00,-5.9848509345677e+00,-2.9063821565342e+00,9.4909123395884e+01,2.2637614432696e-01
45            0|3|div|10|4|div|sub:4.5374597772051e-01,0.0000000000000e+00,-8.0374257302591e+00,-2.8543992899772e+00,1.1824186334203e+01,1.8874845414723e-01
46            1|2|div|10|4|div|sub:9.9525957261357e-02,0.0000000000000e+00,-8.2763952727343e+00,-2.8422533127531e+00,-5.7461967827915e-03,5.7979804021397e-04
47            10|4|div|30|3|div|sub:5.7590531756498e-05,0.0000000000000e+00,4.8183622877491e+05,1.9632135938743e-01,-8.0465410606383e+00,-2.8541460617842e+00
48            18|8|mult|39|25|div|sub:2.4498996968535e-01,0.0000000000000e+00,-1.0315384933343e+02,-2.1501628611856e+00,2.9718869179663e+00,4.4093102034407e+02
49            2|26|div|16|0|div|sub:3.2475875792015e+01,0.0000000000000e+00,-1.0424158696808e+00,5.1825122212133e-01,-2.0699592888656e-01,-2.1346367017628e+00
50            18|16|add|39|25|div|sub:1.5482259089294e-02,0.0000000000000e+00,-1.0516172707478e+02,-2.1492369703682e+00,8.5637928273008e+01,0.0000000000000e+00
51            12|3|div|28|0|div|sub:4.3184653364639e+02,0.0000000000000e+00,-1.2245232581149e+00,4.5437481801212e-01,1.5625292144585e+01,-2.5853279971493e+00
52            11|3|div|10|4|div|sub:5.9423684726749e+00,0.0000000000000e+00,-6.0483242148936e+00,-2.8987268410861e+00,2.0722757531086e+02,2.5371005581005e-01
53            38|30|mult|39|25|div|sub:4.9525055225541e-01,0.0000000000000e+00,-9.4388520106542e+01,-2.1517031852686e+00,1.2275175082036e+03,-1.4151733198367e-01
54            41|25|div|28|3|mult|sub:1.1976078293053e+01,0.0000000000000e+00,-1.6153904496173e+00,1.1319525883551e+02,-4.7637691797021e+01,-2.1489694620487e+00
55            42|38|abd|32|25|div|sub:4.2798775985818e+00,0.0000000000000e+00,-1.8275455001564e+00,-2.1391214619058e+00,1.1487730036046e-01,2.7598797021375e+01
56            16|15|add|39|25|div|sub:7.3088808333100e-02,0.0000000000000e+00,-1.1558071019226e+02,-2.1480928897273e+00,4.9191704720042e+01,0.0000000000000e+00
57            0|cos|10|4|div|sub:2.9914558152981e-02,0.0000000000000e+00,-1.0590910282958e+01,-2.7070863513683e+00,2.7906076115040e+00,-4.4105456222321e-01
58            42|25|div|30|10|mult|sub:7.5342920550362e-01,0.0000000000000e+00,9.3190860358294e-01,1.4885888070179e+03,-4.6367099424230e+01,-2.1496562294002e+00
59            33|10|mult|26|19|div|sub:3.0395154576258e+03,0.0000000000000e+00,-2.2660592909014e+00,-9.2350412834875e+00,2.5043128858566e+01,-3.4591567135990e+02
#-----------------------------------------------------------------------
60            3|cos|32|15|mult|sub:4.7716686667275e-01,0.0000000000000e+00,-1.8114152278318e+00,1.9674522240872e-01,1.7384529935763e+00,-3.0419875426003e+00
61            4|0|mult|40|2|div|sub:2.8280325865293e+00,0.0000000000000e+00,-3.8514444953907e+01,-4.7600650943512e-02,-3.3727398412311e+01,8.3006141538358e+03
62            13|9|mult|32|6|div|sub:1.7411843566763e+04,0.0000000000000e+00,-1.2753806055584e+00,-2.7786342737856e+01,3.5867859675719e+00,-8.9771829441495e+02
63            8|sq|42|26|div|sub:1.3320237026622e+01,0.0000000000000e+00,-4.8152310163310e+01,-2.1462198825321e+00,1.0000000000000e+00,-3.2058561367114e+01
64            16|4|div|3|cos|sub:1.5690020781321e+00,0.0000000000000e+00,1.7406587540454e+00,-4.9915706508307e-02,-1.8815991712617e-01,-2.8572730435139e+00
65            12|3|div|38|4|div|sub:1.9545689160563e+00,0.0000000000000e+00,-5.5271826478456e+01,-3.2636115005543e+00,7.3520718996005e+02,2.6467129607770e-01
66            35|0|div|28|13|div|sub:1.9638165966070e-01,0.0000000000000e+00,-3.3582393880241e-01,-1.4298710060568e+00,-4.9341331322092e+00,8.4715264914947e-01
67            0|cos|32|20|mult|sub:6.2081141223520e-01,0.0000000000000e+00,-7.8913764562439e-01,-7.5263941662317e+00,2.9627745546328e+00,1.9512507170063e+00
68            5|25|div|15|2|div|sub:2.1304098374789e+01,0.0000000000000e+00,-7.3193182374929e-01,-4.7434331747787e-02,-1.5788037493355e+02,-1.5099031826415e+00
69            20|1|div|37|19|div|sub:3.9325524100874e+00,0.0000000000000e+00,-7.3570496780884e+01,-9.2883425178067e+00,1.3453000534733e+01,1.0304350348337e-02
70            8|cb|0|25|div|sub:2.1295687014464e+03,0.0000000000000e+00,8.8258747173490e-01,-2.1864480071880e+00,1.0000000000000e+00,-9.5879815700534e+01
71            31|18|sub|3|cos|sub:2.1741061944263e+00,0.0000000000000e+00,1.7389065530990e+00,-3.0106736668599e+00,2.4387046963534e+00,0.0000000000000e+00
72            3|cos|32|18|mult|sub:8.7632778880005e-02,0.0000000000000e+00,1.3139769658174e+01,-4.7850598511920e+00,1.8044554690817e+00,-5.8656890795069e-02
73            8|4|mult|37|2|div|sub:6.3936245340900e-01,0.0000000000000e+00,-8.0155785238168e+01,-4.7488553630319e-02,-1.3470247525296e+03,-4.8808734306931e+01
74            17|4|div|5|3|div|sub:2.3095313463826e+01,0.0000000000000e+00,-4.0648206114949e+00,-2.5802786957848e+00,2.0282160457740e+01,-3.1238804832595e+00
75            18|4|div|5|3|div|sub:2.2530872270307e+01,0.0000000000000e+00,-4.0649290987192e+00,-2.5802777299241e+00,1.9806898452536e+01,-3.1238592982800e+00
76            16|4|div|5|3|div|sub:2.3528380287382e+01,0.0000000000000e+00,-4.0650715300263e+00,-2.5802769066363e+00,2.0713524934196e+01,-3.1238543420207e+00
77            42|2|div|17|25|div|sub:1.7160298052764e+03,0.0000000000000e+00,-2.8961783325609e-01,-2.1821218639839e+00,-7.7719356143642e+01,-5.4647863085083e-03
78            31|16|sub|3|cos|sub:2.2268427392787e+00,0.0000000000000e+00,1.7389186389516e+00,-3.0116703450812e+00,2.6567862222127e+00,0.0000000000000e+00
79            9|3|div|4|25|div|sub:2.8298948277220e+00,0.0000000000000e+00,-9.1879227942349e+00,-2.1864286296744e+00,1.9140324481976e+03,4.6931153343576e-01
80            5|3|div|25|26|div|sub:1.4453993145362e+02,0.0000000000000e+00,-2.2207474602246e+00,-2.1862737693216e+00,2.9593560638609e+02,1.4557327655619e-01
81            3|cos|32|24|add|sub:6.6697273463122e-01,0.0000000000000e+00,0.0000000000000e+00,0.0000000000000e+00,1.7404045507537e+00,3.1024830525207e+00
82            6|38|div|3|cos|sub:1.7845511900652e+01,0.0000000000000e+00,1.8706529826781e+00,-1.6937648475383e-01,-8.0478519811010e+01,-1.3143920109583e+01
83            8|26|div|37|19|div|sub:1.2299422077487e-01,0.0000000000000e+00,-3.8349436292631e+01,-9.3177521769792e+00,-2.5019222531329e+02,-3.3491162486880e-01
84            3|cos|34|19|div|sub:3.7248499196566e-05,0.0000000000000e+00,1.8148971350587e+03,-1.0564366294295e+01,1.9998673873240e+00,-3.9997712603450e-01
85            32|16|sub|3|cos|sub:2.4121828030042e+00,0.0000000000000e+00,1.7386774933974e+00,-3.0020879926617e+00,2.9718995370407e+00,0.0000000000000e+00
86            3|cos|32|28|mult|sub:1.1418484457890e+00,0.0000000000000e+00,-1.7640870770433e+00,1.5983437189289e-01,1.8720365439928e+00,2.8737227041985e+00
87            3|25|div|27|2|div|sub:9.8894018220229e+00,0.0000000000000e+00,-1.0354601920806e+00,-4.7272912144592e-02,-8.4101271658022e+01,-1.5092104768835e+00
88            21|20|div|5|2|div|sub:2.4274695258563e-06,0.0000000000000e+00,4.7258114684175e+05,-4.8692626970706e-02,9.0321120261200e+01,-1.0480164972887e+01
89            23|4|div|38|19|div|sub:2.1757905526078e-03,0.0000000000000e+00,-8.0342064973466e+01,-9.2810794279064e+00,-5.6496538388797e+01,1.3047256073740e+01
#-----------------------------------------------------------------------
90            17|25|div|29|8|mult|sub:8.5710701735337e-05,0.0000000000000e+00,-2.1596454966538e+06,-1.0006051497141e+02,-9.9463216542361e+01,-2.1861778870662e+00
91            23|25|div|7|cb|sub:1.2877305798353e+01,0.0000000000000e+00,1.0000000000000e+00,-1.0332815598231e+02,4.2964821796843e+04,-2.1864544403197e+00
92            8|4|mult|14|25|div|sub:1.1216232655542e-02,0.0000000000000e+00,-5.3435700054324e+03,-2.1864072966777e+00,-1.3507606704268e+03,-8.3205715366062e+01
93            29|13|sub:1.5996040778112e-01,0.0000000000000e+00|32|23|sub|div
94            22|25|div|8|1|div|sub:4.0511674488070e+00,0.0000000000000e+00,-7.9977695616244e+00,2.8905387685571e-02,8.5184502427465e+01,-2.1867259474318e+00
95            27|25|div|24|8|mult|sub:6.2921298828105e+00,0.0000000000000e+00,-2.2393900221856e+01,-1.3541023105260e+02,-8.1706360255971e+01,-2.1863903884041e+00
96            37|25|div|37|8|mult|sub:5.4727209713728e-02,0.0000000000000e+00,5.4526565881182e+03,1.3815586749749e+03,7.0431567871565e+01,-2.1855813791929e+00
97            8|1|sub|40|25|div|sub:9.2382719069698e-07,0.0000000000000e+00,7.8383304777304e+05,-2.1863867132278e+00,9.8355772750312e+02,0.0000000000000e+00
98            14|25|div|29|8|mult|sub:8.9389804807602e-05,0.0000000000000e+00,-1.7929928643589e+06,-1.0023474954611e+02,-1.0040659675029e+02,-2.1863619679730e+00
99            10|2|div|39|13|div|sub:1.5207771876859e+01,0.0000000000000e+00,2.4692230401373e+02,-1.4155582000300e+00,5.9255259819244e+01,-8.8296546788888e-03
100           15|25|div|31|3|mult|sub:5.3758105940487e+00,0.0000000000000e+00,-1.0455665969798e+00,3.4576641606274e+00,-3.1091411844778e-01,-2.1817540806752e+00
101           6|25|div|8|sq|sub:2.8519341016477e+00,0.0000000000000e+00,1.0000000000000e+00,-7.3618233211657e+01,1.1454458962572e+02,-2.1864283793590e+00
102           36|32|sub|29|13|div|sub:8.6954205864892e-01,0.0000000000000e+00,-3.0908354678756e-01,-1.4312280449378e+00,6.5832750578148e+00,0.0000000000000e+00
103           41|40|abd|13|26|div|sub:5.4655671467235e+00,0.0000000000000e+00,-2.2417227278645e+00,-1.2106919114583e+00,1.1612915610002e+00,1.2740833805794e+00
104           12|25|div|37|8|mult|sub:2.3173489727383e-01,0.0000000000000e+00,8.4185946933457e+02,9.4966831080751e+01,1.0193765418038e+02,-2.1864587807579e+00
105           8|sq|33|25|div|sub:1.3350104027770e-03,0.0000000000000e+00,1.5714292466159e+05,-2.1862837189484e+00,1.0000000000000e+00,7.9160979587646e+01
106           8|sq|4|25|div|sub:4.2200167376352e-04,0.0000000000000e+00,5.0627804860291e+05,-2.1864043863623e+00,1.0000000000000e+00,6.7832064758663e+01
107           28|3|abd|28|25|div|sub:2.1711910634052e+00,0.0000000000000e+00,-4.2753284908221e-01,-2.1822863697702e+00,1.5051530237490e+00,-1.0702234479309e+01
108           8|sq|34|25|div|sub:3.1251279759714e-01,0.0000000000000e+00,6.2256575724780e+02,-2.1864648319643e+00,1.0000000000000e+00,4.5788691179097e+01
109           42|7|sub|1|25|div|sub:2.2336208520568e+02,0.0000000000000e+00,-3.5010798888227e-02,-2.1853477171850e+00,5.7081305867037e+00,0.0000000000000e+00
110           7|cb|28|25|div|sub:1.0325930327446e+02,0.0000000000000e+00,3.3814690799642e+02,-2.1862828312715e+00,1.0000000000000e+00,4.1748154400762e+01
111           24|6|div|39|4|div|sub:2.1237212420101e-02,0.0000000000000e+00,3.0391517144347e+02,-4.9218668841823e+00,4.8546753019574e+01,-1.8878663473364e+01
112           8|cb|30|25|div|sub:3.3934316950539e-03,0.0000000000000e+00,6.6470332807695e+05,-2.1860137296212e+00,1.0000000000000e+00,-9.6255589862124e+01
113           10|13|div|40|cb|sub:4.3043032962267e+00,0.0000000000000e+00,1.0000000000000e+00,-3.9519145400190e+01,-6.2945310847271e+04,-1.4145341780312e+00
114           8|cb|29|25|div|sub:3.3580653622271e-03,0.0000000000000e+00,6.8330553195981e+05,-2.1860113336799e+00,1.0000000000000e+00,-9.6043791334139e+01
115           8|cb|28|25|div|sub:4.9729800482186e-03,0.0000000000000e+00,4.9766708909245e+05,-2.1860907818860e+00,1.0000000000000e+00,-9.6586018957369e+01
116           0|inv|39|26|div|sub:3.3301724768474e-07,0.0000000000000e+00,4.1460901445862e+06,-2.1865573039515e+00,1.0000000000000e+00,-1.1752968304937e+00
117           8|cb|27|25|div|sub:1.3930436103999e-02,0.0000000000000e+00,2.4468585224124e+05,-2.1864683918962e+00,1.0000000000000e+00,-9.6807142923525e+01
118           8|cb|2|25|div|sub:6.7441900821760e-01,0.0000000000000e+00,5.0948117607797e+03,-2.1864676158469e+00,1.0000000000000e+00,-9.6774732552838e+01
119           8|cb|1|25|div|sub:2.8807557013623e+01,0.0000000000000e+00,1.1939587926658e+02,-2.1864677429077e+00,1.0000000000000e+00,-9.6726989771604e+01
#-----------------------------------------------------------------------
120           37|cb|37|8|div|sub:7.1045675970971e+04,0.0000000000000e+00,-9.2473688987648e+01,-9.7810483160136e+01,1.0000000000000e+00,-7.4641788890489e-01
121           38|9|mult|31|24|sub|div
122           12|8|div|39|4|div|sub:1.4761613421599e-02,0.0000000000000e+00,-5.1185719243220e+01,-3.2674301182557e+00,9.4533494269098e+01,-2.3801947579672e+01
123           37|9|mult|31|24|sub|div
124           4|2|div|29|25|div|sub:1.8142077717102e-02,0.0000000000000e+00,-1.7001436010175e+04,-1.6156219790739e+00,3.0688425403767e+01,-2.7126705284687e-02
125           19|25|div|27|cos|sub:1.3813285437185e+00,0.0000000000000e+00,4.9355660926542e+00,9.3301328914749e-01,3.0496911199678e+00,-3.5763387405036e-02
126           3|2|div|26|6|div|sub:6.6394372993417e+03,0.0000000000000e+00,-2.1984721302018e+00,-2.8190720805941e+01,8.1439130527035e+00,5.2136493411834e-03
127           33|9|sub|9|3|div|sub:6.3997637351012e+00,0.0000000000000e+00,-4.4739774476090e+01,-1.7194457434486e+00,1.3192598262749e+00,0.0000000000000e+00
128           31|9|sub|9|3|div|sub:5.8503735274279e+00,0.0000000000000e+00,-4.4758688791652e+01,-1.7191562656057e+00,1.2022802810026e+00,0.0000000000000e+00
129           16|8|div|39|13|div|sub:1.3079725991594e-02,0.0000000000000e+00,2.7740107393049e+01,-1.4170240221169e+00,1.0680568760567e+02,-9.8232905850639e+01
130           26|8|div|39|13|div|sub:2.0836189902344e-02,0.0000000000000e+00,3.4079478060707e+01,-1.4170381992756e+00,1.1759682408030e+02,-9.8153513400843e+01
131           38|12|mult|31|24|sub|div
132           38|11|mult|31|24|sub|div
133           38|10|mult|31|24|sub|div
134           37|11|mult|31|24|sub|div
135           37|12|mult|31|24|sub|div
136           37|10|mult|31|24|sub|div
137           6|4|div|12|20|div|sub:2.1676029806530e-01,0.0000000000000e+00,-1.7296710206512e+02,-5.7803664006804e+00,-2.8381776628871e+01,-3.6193742532660e+00
138           26|2|div|31|8|div|sub:8.1420785329043e-03,0.0000000000000e+00,-4.6810212470521e+04,-9.8036248606275e+01,-1.5596080985982e+00,-1.3067285754834e-03
139           19|8|div|39|13|div|sub:3.2426145403149e-02,0.0000000000000e+00,-6.6012629460050e+01,-1.4107829395095e+00,2.3947224742159e+02,-9.8265167573875e+01
140           1|8|div|39|13|div|sub:3.8313865698322e-02,0.0000000000000e+00,-6.6005212455268e+01,-1.4107821250283e+00,2.9023178159956e+02,-9.8263988522547e+01
141           34|8|div|39|13|div|sub:2.1987136127076e-02,0.0000000000000e+00,-6.6006368830174e+01,-1.4107828590328e+00,1.6555605207629e+02,-9.8262404836726e+01
142           13|8|div|39|13|div|sub:1.4665177475257e-02,0.0000000000000e+00,-6.6002136563306e+01,-1.4107820730220e+00,1.0904047704611e+02,-9.8262583835940e+01
143           25|8|div|39|13|div|sub:3.5341948719050e-03,0.0000000000000e+00,-2.9064702116369e+01,-1.4013761863272e+00,1.1747198007330e+02,-9.8112378782260e+01
144           4|2|div|10|4|div|sub:5.0794675350291e+00,0.0000000000000e+00,-1.0606717925089e+02,-3.6310489034071e+00,-5.7268084013977e+00,-5.8343297642032e-03
145           41|40|abd|14|26|div|sub:2.6498663676193e+00,0.0000000000000e+00,-4.6035375315294e+01,1.2345865786721e+00,1.0933439680566e+00,5.6699592038943e+00
146           41|40|abd|26|cos|sub:1.3817337393335e+01,0.0000000000000e+00,1.1887587820075e+00,3.1415926535898e+00,1.0935990686966e+00,5.6242678468868e+00
147           41|40|abd|2|26|div|sub:8.7429059347596e-02,0.0000000000000e+00,-3.3337399106187e+02,-2.5532939221090e-01,1.0932019253205e+00,5.6954006337330e+00
148           41|40|abd|33|26|div|sub:1.6265284274902e-04,0.0000000000000e+00,-1.5602926709769e+05,-3.4275421367233e-01,1.0931255771023e+00,5.7090839016992e+00
149           9|6|div|27|2|div|sub:2.8364624539388e+00,0.0000000000000e+00,-2.1043441304616e-02,-7.8470314417216e-04,-1.1367696950747e+03,-8.4138499907149e+00
#-----------------------------------------------------------------------
