# FEAT_ID     Feature Postfix Expression (RPN)
0             39|8|div
1             1|19|div
2             39|7|div
3             1|20|div
4             1|13|div
5             1|26|div
6             1|14|div
7             39|1|mult
8             14|7|div
9             41|8|div
10            1|25|div
11            1|4|div
12            42|7|div
13            1|exp:7.6135631163961e+00,0.0000000000000e+00
14            42|1|mult
15            41|1|mult
16            40|1|mult
17            7|inv
18            42|8|div
19            41|7|div
20            13|7|div
21            40|7|div
22            40|8|div
23            1|0|mult
24            2|3|div
25            1|5|div
26            1|sq
27            1|8|div
28            1|7|div
29            1|cb
#-----------------------------------------------------------------------
30            41|0|div
31            0|sin
32            0|19|div
33            42|0|div
34            19|3|div
35            13|0|div
36            22|3|div
37            20|3|div
38            0|20|div
39            26|0|abd
40            0|sqrt
41            39|0|div
42            24|3|div
43            23|3|div
44            21|3|div
45            25|0|abd
46            0|cbrt
47            0|3|div
48            1|3|div
49            3|log
50            0|cos
51            0|inv
52            0|nexp
53            26|0|div
54            25|0|div
55            3|nexp
56            19|0|div
57            20|0|div
58            2|0|sub:4.6308169798181e-01,0.0000000000000e+00
59            3|0|sub:2.1742216703226e+01,0.0000000000000e+00
#-----------------------------------------------------------------------
60            33|2|mult
61            35|2|mult
62            9|3|mult
63            11|3|mult
64            33|3|mult
65            12|3|mult
66            36|2|mult
67            10|3|mult
68            35|3|mult
69            34|2|mult
70            23|3|mult
71            36|3|mult
72            22|3|mult
73            24|3|mult
74            21|3|mult
75            34|3|mult
76            42|3|mult
77            40|3|mult
78            41|3|mult
79            39|3|mult
80            18|8|add:4.2283918891242e-03,0.0000000000000e+00
81            16|14|add:8.1542172970421e-01,0.0000000000000e+00
82            18|14|add
83            8|2|sub:8.6390649121150e+01,0.0000000000000e+00
84            16|8|add:3.9870360742609e-03,0.0000000000000e+00
85            8|3|sub:1.8162978352322e+00,0.0000000000000e+00
86            16|14|add
87            14|2|sub:4.2667691413939e-01,0.0000000000000e+00
88            31|7|div
89            31|8|div
#-----------------------------------------------------------------------
90            17|2|mult
91            2|cb
92            18|2|mult
93            3|cb
94            2|sp
95            16|2|mult
96            3|37|div
97            2|37|div
98            29|3|mult
99            27|3|mult
100           30|3|mult
101           28|3|mult
102           22|2|mult
103           23|2|mult
104           21|2|mult
105           24|2|mult
106           29|2|mult
107           27|2|mult
108           30|2|mult
109           3|38|div
110           28|2|mult
111           2|38|div
112           9|2|mult
113           11|2|mult
114           12|2|mult
115           10|2|mult
116           42|2|mult
117           39|2|mult
118           40|2|mult
119           41|2|mult
#-----------------------------------------------------------------------
120           24|9|mult
121           21|12|mult
122           18|10|mult
123           24|8|add:1.8383408989396e-02,0.0000000000000e+00
124           24|11|mult
125           16|8|mult
126           10|4|div
127           15|5|mult
128           8|7|sub
129           10|6|div
130           23|12|mult
131           21|5|mult
132           16|10|mult
133           17|5|mult
134           22|8|mult
135           22|8|add:1.3317070634671e-02,0.0000000000000e+00
136           18|5|mult
137           22|9|mult
138           23|5|mult
139           22|11|mult
140           21|10|mult
141           24|12|mult
142           24|5|mult
143           16|5|add:3.8026486284648e-02,0.0000000000000e+00
144           23|10|mult
145           16|5|mult
146           22|5|mult
147           22|12|mult
148           24|10|mult
149           22|10|mult
#-----------------------------------------------------------------------
