# FEAT_ID     Feature Postfix Expression (RPN)
0             7|21|div|12|8|div|mult:5.4526164313236e+01,2.3084194754231e-01,-2.3006635486567e+01,-1.6953026433318e+01,-2.0751112319340e+02,-4.6893116891521e+00
1             26|8|div|5|29|mult|mult:5.3495121437030e-03,-7.7994498895551e+00,1.4522153921971e+00,3.3337518010488e+00,-7.5195602846765e-01,-1.7119511121374e+01
2             5|9|div|5|20|mult|mult:4.6345852787746e-01,-9.9106259115116e+01,1.1844665161785e+01,-8.0004623924201e-02,-6.7489864329094e+00,-1.5295294113465e+01
3             6|5|mult|26|1|div|mult:-9.6710702589566e+05,6.9889128092986e-04,-5.9067408007932e-01,-1.5428246438562e+02,6.5340251125722e+04,1.3438906501366e+01
4             21|9|div|26|5|mult|mult:3.7568801486006e-02,2.6654955458865e-01,-2.4025601440667e-01,-6.6718772113629e-01,-7.3119807653627e+00,-1.4576639706498e+01
5             5|20|div|37|8|div|sub:2.0965038308130e+00,0.0000000000000e+00,1.8073453977802e+00,-1.8804023156982e+01,-1.6046091606058e+01,4.0213377149858e-01
6             5|20|mult|11|8|div|mult:-8.5977154653140e+01,2.3936977151383e-01,-1.8838001327975e+01,-1.7339021983116e+01,8.0204865612301e+00,1.6612033679114e+00
7             20|5|mult|11|8|div|mult:-8.6009714110385e+01,2.3877540652359e-01,-1.8815519341373e+01,-1.7341532521587e+01,1.6602198896614e+00,8.0269755498007e+00
8             6|cbrt|11|8|div|mult:2.6127853306179e+00,-3.7215533532178e-02,-2.2241750830281e+00,-1.7655290253862e+01,1.0000000000000e+00,-4.6591488080944e+01
9             5|20|div|17|8|div|sub:9.8729968289849e-01,0.0000000000000e+00,5.5540937299071e-01,-1.8687307009642e+01,-6.4178717386083e+01,3.6859650759308e+01
10            21|9|div|5|26|mult|mult:1.8925060142061e-02,1.4461699677174e-01,-2.9654529757176e-01,-5.7191027385975e-02,-6.7767320761974e+00,-1.4357096015270e+01
11            5|20|div|30|8|div|sub:1.2661136183176e+00,0.0000000000000e+00,6.7327001419752e-01,-1.9252736097725e+01,-5.8770913790532e+01,3.4287687584725e+01
12            5|20|div|37|2|div|sub:2.7810598140409e-01,0.0000000000000e+00,-6.2640829611156e-01,-2.5736234976864e+00,-5.3809148010782e+01,2.2069895300116e+01
13            7|cos|4|6|mult|mult:1.2895480089769e+00,-4.0765531498842e+03,-4.6151521548617e+00,6.6128067877815e+00,9.9896954776129e-01,-2.3742242938503e-01
14            5|21|mult|36|14|div|sub:1.1796134416387e+00,0.0000000000000e+00,-6.9715246786457e-01,-1.1232787482768e+00,1.2322277495278e+01,2.1226482757537e+00
15            4|5|mult|35|4|mult|mult:-2.1245007644133e+02,8.1019542429732e+01,-4.7507318893657e-01,9.2466004111212e+01,8.1348254958136e+01,5.9867150092493e-02
16            11|9|div|5|20|mult|mult:3.0567646601161e-01,-5.0587362264806e+01,6.0255823293520e+00,-5.0434697140121e-01,-1.5625632741755e+01,-1.5258935433802e+01
17            5|4|mult|35|4|mult|mult:-2.0231917574330e+02,6.7718950773037e+01,-5.0053625030692e-01,7.2441780128780e+01,3.5975768285177e-02,8.9579492182657e+01
18            7|cos|6|4|mult|mult:1.3663917507130e+00,-2.7234251929936e+03,1.1895203318641e+01,-4.1177609472583e+00,9.9165317294412e-01,4.2143740626200e-03
19            11|9|div|20|5|mult|mult:1.7255476818607e-01,-3.6387770992558e+01,-6.4081265356979e-01,4.3249383730392e+00,-1.4118131393077e+01,-1.5355288429835e+01
20            5|21|mult|37|14|div|sub:1.1618370065990e+00,0.0000000000000e+00,-6.9267590269552e-01,-1.1231163641371e+00,1.2238751736088e+01,2.3126332731039e+00
21            5|21|mult|8|9|div|mult:-9.4162895197979e+01,1.0702632920251e+00,-4.5738412797792e+01,-1.5150562873149e+01,9.8930487343968e+00,6.5840372369422e-01
22            5|20|mult|11|9|div|mult:-6.3424812190928e+01,5.0473629264230e-01,-2.0125897924686e+01,-1.5620517875605e+01,7.8434219502187e+00,-2.5195650240747e-01
23            21|5|mult|8|9|div|mult:-9.4131141310768e+01,7.7001333479061e-01,-4.1020907640502e+01,-1.5215771844719e+01,6.9803611490034e-01,9.9164454934397e+00
24            20|5|mult|11|9|div|mult:-6.5197900676513e+01,6.2274409114644e-01,-2.1126560159327e+01,-1.5525964515300e+01,-1.0456092744429e-01,7.8314842015825e+00
25            35|14|div|21|5|mult|sub:1.4625971405356e+00,0.0000000000000e+00,6.0028198581799e-02,1.0234458204127e+01,-7.2994734747874e-01,-1.1257899513863e+00
26            21|8|div|5|26|mult|mult:2.1946669509939e-02,1.6624718146892e-01,-3.5675950870399e-01,-1.4112097335593e-01,-6.7749374971954e+00,-1.6652479059083e+01
27            21|5|mult|37|14|div|sub:7.9335639052653e-01,0.0000000000000e+00,-6.8692281783022e-01,-1.1232873133410e+00,-1.2615732318587e-02,8.7672243742840e+00
28            37|14|div|21|5|mult|sub:1.4640855997545e+00,0.0000000000000e+00,-3.7769814941319e-01,8.0622961793129e+00,-6.7914063806842e-01,-1.1234757162260e+00
29            36|14|div|21|5|mult|sub:1.4881567629241e+00,0.0000000000000e+00,5.6679538426565e-01,9.4139076048081e+00,-6.4301170432592e-01,-1.1240075490351e+00
#-----------------------------------------------------------------------
30            26|0|mult|36|1|sub:1.1258182760724e-03,0.0000000000000e+00|div
31            30|26|abd|36|1|sub:1.1258182760724e-03,0.0000000000000e+00|div
32            30|26|sub|36|1|sub:1.1258182760724e-03,0.0000000000000e+00|div
33            2|7|div|20|21|div|mult:4.4953931690316e+01,6.8945061713710e+01,1.2392772595199e+00,-7.2138978548243e+00,-5.0567141809421e+00,-4.8406273987643e-02
34            27|33|div|36|1|sub:1.1258182760724e-03,0.0000000000000e+00|div
35            20|21|div|2|7|div|mult:7.0796980447402e+01,8.3188216471907e+01,-4.9758863864122e+00,-4.8408134022734e-02,-2.4321486772319e+00,-7.2135371546113e+00
36            30|27|add|40|2|div|mult:-1.6578398021631e+00,-1.4581422496594e+02,-8.2235350546778e+01,-8.5220493935885e+00,5.3132021940145e-01,0.0000000000000e+00
37            33|39|div|32|7|div|sub:2.1044985797425e+02,0.0000000000000e+00,-1.2981677029204e+00,-4.8076670235899e-02,9.4068448300393e+01,-5.7249442545855e+01
38            27|3|mult|36|1|sub:1.1258182760724e-03,0.0000000000000e+00|div
39            26|25|abd|36|1|sub:1.1258182760724e-03,0.0000000000000e+00|div
40            10|9|div|34|sp|sub:2.8588854399643e+01,0.0000000000000e+00,1.0000000000000e+00,-7.8072110342477e-01,-9.7736236627566e+01,-9.9834378855564e+01
41            15|9|div|37|19|sub|mult:7.4044015542677e-01,3.6403115401163e-02,1.7850475080052e+00,0.0000000000000e+00,4.8693605817331e-01,-9.9362179411305e+01
42            28|0|sub:6.4475400238520e-01,0.0000000000000e+00|36|1|sub:1.1258182760724e-03,0.0000000000000e+00|div
43            17|0|div|43|7|div|mult:1.0629646179087e+01,8.9695494150765e+01,-2.0363965283779e+01,-2.5028022998458e+01,-1.3805244763688e+00,-3.8829841997425e+00
44            26|24|abd|36|1|sub:1.1258182760724e-03,0.0000000000000e+00|div
45            41|7|div|21|0|div|sub:8.2475456439041e+01,0.0000000000000e+00,-4.6766190837023e+00,-5.3178290570052e+00,7.3073797222009e+01,-4.8536108006956e-02
46            27|0|mult|36|1|sub:1.1258182760724e-03,0.0000000000000e+00|div
47            32|7|div|24|14|div|sub:1.8974506315169e+01,0.0000000000000e+00,1.1141606730519e+01,-1.5103913923506e+00,3.8723418395889e+01,-4.7944544139732e-02
48            1|14|div|32|0|div|sub:4.6164152603851e-01,0.0000000000000e+00,1.5792496353158e+03,-3.8784126268629e+00,-7.7413598644003e+01,-1.2853419962676e+00
49            31|32|div|29|20|div|sub:1.2143710976299e+00,0.0000000000000e+00,-9.7383199430425e-02,-7.0294748789908e+00,2.3878176978651e-01,-2.3950131525033e+00
50            12|9|div|38|6|div|mult:-5.6580591162302e+00,3.1675543455987e+01,1.4766494752925e+02,-1.4450839731054e+01,-1.5596734825276e+02,-9.9862648758446e+01
51            9|0|div|20|7|div|mult:-1.1764240350588e+02,6.8772209568611e+01,-2.7486954751700e+01,-4.8984963816285e-02,-4.4845115849542e+01,-5.3217219904882e+00
52            32|33|div|24|19|sub|mult:-3.5005744255651e+01,1.8820996563562e-01,4.2465037413292e+00,0.0000000000000e+00,2.6462803606590e+01,-2.0421923776764e+00
53            33|4|div|43|7|div|mult:1.6652380829547e-02,-1.1565316278486e+02,1.2770803496907e+01,-4.9111356662284e-02,-2.5387964020211e+00,-3.4874857062993e+01
54            26|7|div|31|0|div|sub:7.1241412636267e-02,0.0000000000000e+00,8.4748821144675e+03,-5.3174760494066e+00,1.0081795219558e+02,-4.7465713766110e-02
55            12|9|div|34|sp|sub:2.0154879870638e+01,0.0000000000000e+00,1.0000000000000e+00,-7.6192173659404e-01,-8.7751426189699e+01,-9.9972914930396e+01
56            33|7|div|32|9|div|sub:2.2670746961031e+01,0.0000000000000e+00,7.5074721493189e+02,-9.8577093848655e+01,3.9447347705421e+01,-4.7886481831553e-02
57            4|7|div|28|9|div|sub:1.8426513834243e+02,0.0000000000000e+00,5.6022790093832e+02,-9.8621420890307e+01,5.2650422089481e+01,-4.8021717417895e-02
58            18|9|div|18|3|div|sub:3.8710510309936e-02,0.0000000000000e+00,-2.8602939448388e-01,-2.1903664302610e+01,-3.0581979893379e-01,-9.9851895321692e+01
59            16|7|div|4|20|div|mult:5.0178292533313e+02,-1.2674192975301e+01,-4.7379600300545e+01,-7.0521713966349e+00,-6.1842233643193e+01,-4.8123696862054e-02
#-----------------------------------------------------------------------
60            37|sin|28|18|sub|mult:-3.8202961996436e-01,-8.7726121647172e-02,1.8132274306155e+00,0.0000000000000e+00,5.1150794721230e+01,-5.2966049648956e-01
61            37|2|div|21|7|div|mult:5.4748221344503e-01,7.7506456917166e+01,1.0472279519972e+01,-2.7818708986569e-03,2.4622887751398e+00,-9.6905371062945e+00
62            19|27|mult|39|38|abd|mult:-5.8707375940646e-01,-5.8127942142414e+01,1.7714431617125e+00,-9.8122248109681e+01,1.3083461808248e-01,8.4452228929924e-01
63            2|33|div|35|7|div|sub:4.3502168843349e+02,0.0000000000000e+00,1.4135989865304e-01,-3.3923531314567e+00,-1.3552973339250e+02,-2.4016040992405e+00
64            1|2|div|22|32|div|sub:2.0719185131440e+00,0.0000000000000e+00,4.0327452580509e+01,-2.3996287439812e+00,1.0110946032870e+02,-1.2023060740471e+01
65            27|19|mult|39|38|abd|mult:-5.3396961354566e-01,-5.8482208198461e+01,1.7760933415404e+00,-9.8578590408851e+01,7.8320016062115e-01,1.1100568099007e-01
66            39|2|div|9|8|sub|mult:4.7099281543231e+00,-2.2520814956600e+00,1.1822363150372e+00,0.0000000000000e+00,-2.8606142190331e+01,-8.8941912587810e+00
67            16|27|mult|42|38|abd|mult:-3.3675073765155e-01,-7.0517406465702e+01,-1.8838522705458e+00,4.4837384515420e+01,-3.0457430260499e-03,-2.3783963589452e-02
68            17|23|mult|22|2|div|sub:4.9088236178482e+00,0.0000000000000e+00,7.4248115779174e+01,-8.8036691024907e+00,6.6118883673499e+01,-1.2954462038799e+03
69            34|sp|18|14|mult|mult:-3.5613581335155e-01,9.5638553827401e+00,-3.8481201078635e+00,1.0210876932793e+00,1.0000000000000e+00,-9.2196580179684e-01
70            4|2|div|21|33|div|sub:4.6279227637066e+00,0.0000000000000e+00,4.0163347050646e+00,-2.3954934170226e+00,6.8619545190905e+01,-1.1951787341425e+01
71            38|0|div|16|27|mult|mult:2.1725446176782e+01,-3.0858781625840e+00,1.3632367625956e+00,8.3644603726840e-01,-1.0566774901246e+02,-1.2593151810141e+00
72            1|0|div|2|32|div|sub:7.1048073728825e-01,0.0000000000000e+00,1.0165592934393e+01,-2.4024375397370e+00,1.0915503483493e+01,-7.0655662081560e+00
73            10|41|mult|27|22|abd|mult:-3.1392769348468e+01,-2.6607791506296e+00,2.4008641144853e+00,-8.3200394684970e+00,-4.0918109915681e+00,-1.1891979530240e+01
74            41|10|mult|27|22|abd|mult:-3.2209673373253e+01,-2.6448689099223e+00,2.3842815897538e+00,-8.2604609351677e+00,-1.1902421466417e+01,-4.1612536013033e+00
75            38|0|mult|26|16|mult|mult:-3.6787422397133e+03,-1.0570367015578e+00,6.8331903148194e-01,2.7564512715488e-01,1.3339368350793e+02,1.5768498669294e+01
76            0|38|mult|26|16|mult|mult:-4.0304521764463e+03,-1.1624813490214e+00,6.7110856709662e-01,3.4956946860318e-01,1.6626161653791e+01,1.4465815171107e+02
77            3|33|div|34|7|div|sub:2.9770290099362e+02,0.0000000000000e+00,5.0220958013599e-01,-3.3646321040054e+00,-1.1491912072732e+02,-2.4082395667137e+00
78            39|7|div|22|33|div|sub:9.8622244845828e-05,0.0000000000000e+00,-6.9840912538228e+05,-2.4050567026489e+00,1.0638339721622e+02,-3.3822694427443e+00
79            18|26|mult|38|0|div|mult:-1.6248516821198e-01,1.0720300994670e+01,-1.3462309170563e+02,3.4504751219933e+00,1.2889420545253e-02,-1.7277297271989e-01
80            6|7|div|7|33|div|sub:1.3176830805920e-05,0.0000000000000e+00,-9.6854840369954e+06,-2.4041495765807e+00,-2.7128174773429e+02,-3.4260560179607e+00
81            16|0|abd|0|33|div|mult:-2.9766925517486e+00,2.8840008148044e+01,-4.0343239176751e+00,-2.5069105669233e+00,6.3152427883769e-01,-3.0356686668259e+00
82            19|14|div|8|35|mult|mult:-2.4556973213449e+00,-5.2197343102911e+01,6.2255574081833e+01,1.0205433304839e-01,-1.4514453309674e-01,-1.1782767161452e+00
83            37|18|sub|42|33|div|mult:-3.8166294363966e-01,1.5764512885070e+01,-6.4851295119994e+00,-2.3992095113672e+00,0.0000000000000e+00,0.0000000000000e+00
84            19|32|div|15|3|div|mult:4.7448223112036e-02,-2.8547268189908e-02,-7.3985868011749e-01,7.7273586501069e+00,-2.1732588099898e-01,-2.4031470585748e+00
85            16|27|mult|38|0|div|mult:-1.3223357210990e+00,1.6131413129070e+01,-1.1215566479704e+02,-3.8330083787539e-01,7.0938217405211e-01,2.8371272645642e-01
86            27|16|mult|38|0|div|mult:-1.3231237284505e+00,1.6145610643362e+01,-1.1258893342398e+02,-3.6211522448664e-01,2.8336362193313e-01,7.1092686262802e-01
87            18|14|div|35|8|mult|mult:-1.7398564221293e+00,-3.5307553737808e+01,5.8893354647522e-02,3.4630327996733e+01,-1.6160468725484e-01,-1.1764451595523e+00
88            18|14|div|8|35|mult|mult:-1.7388368123901e+00,-3.5191410116464e+01,3.4508743684868e+01,5.8170354177510e-02,-1.6160622367797e-01,-1.1764435239258e+00
89            43|32|div|21|27|mult|mult:-2.8675783664736e+02,-5.4949956091164e+01,2.0225772239028e-01,4.9410156442641e+00,-3.4518474499262e+02,-2.3710276926077e+00
#-----------------------------------------------------------------------
90            9|8|sub|29|17|sub|mult:2.2908571480983e+01,7.5461385686053e-01,1.7681795320996e+00,0.0000000000000e+00,1.1880163138594e+00,0.0000000000000e+00
91            28|27|abd|32|5|abd|div
92            28|16|sub|17|sq|sub:5.3181513156948e+01,0.0000000000000e+00,1.0000000000000e+00,-4.6209333459719e-01,1.1132324342105e+01,0.0000000000000e+00
93            32|2|mult|0|33|div|sub:4.6955876211361e-01,0.0000000000000e+00,-4.5951801141583e+00,-1.7282499388183e+00,-8.5696190206371e-01,-3.3221739465880e+01
94            9|8|sub|26|17|mult|mult:8.6897657555131e+00,-2.8526385077043e-01,1.4217887729304e+00,-4.0189824909215e-01,1.0773073082352e+00,0.0000000000000e+00
95            9|8|sub|17|26|mult|mult:8.7113214565521e+00,-2.8103182723686e-01,-4.0370198086810e-01,1.4082391714891e+00,1.0774550109809e+00,0.0000000000000e+00
96            27|38|mult|9|8|sub|mult:-2.1156842389268e+00,-1.2879201370147e+01,8.9838678265642e-01,0.0000000000000e+00,-5.7666945835357e-01,-6.8033607266935e+00
97            9|8|sub|27|38|mult|mult:-1.2779025634720e+01,-1.8736891377759e+00,-5.8058735134017e-01,-7.1764946764110e+00,8.9957658349430e-01,0.0000000000000e+00
98            21|20|abd|36|0|div|mult:-5.2370686644508e-02,3.4932680394912e+00,1.2544066750786e+01,-6.2274330033879e+00,1.0158810726990e+00,-3.2423542559108e-02
99            10|6|mult|40|6|sub:1.2361703346667e-01,0.0000000000000e+00|div
100           18|2|div|23|0|div|sub:9.6915145187684e-01,0.0000000000000e+00,1.9177226101876e-01,-6.7734469470397e+00,-9.2076533014406e-01,-1.2141653153747e+01
101           12|6|mult|40|6|sub:1.2361703346667e-01,0.0000000000000e+00|div
102           29|17|sub|9|8|sub|mult:1.2191661604334e+00,2.0630689638514e+01,1.1719353948481e+00,0.0000000000000e+00,2.7225420861967e+00,0.0000000000000e+00
103           11|39|div|9|8|sub|mult:-2.2999894408043e+00,-6.2427519403249e-01,9.9391753289532e-01,0.0000000000000e+00,4.4829335947358e+01,-6.7044451295139e+00
104           35|sin|11|9|abd|mult:5.4525891472890e-01,-2.3410763072928e+01,3.6642505399255e-01,2.9608343908464e+01,2.8860738107841e+00,-5.9145267672525e-01
105           13|6|mult|40|6|sub:1.2361703346667e-01,0.0000000000000e+00|div
106           8|9|div|26|30|mult|mult:-1.1158488119139e+00,4.0188787035589e+00,1.3803889784129e+00,-2.3587039707166e+00,4.8688243243703e+01,3.6306089319310e+01
107           9|8|sub|23|17|mult|mult:1.3817949301083e+01,7.0847636171917e+00,9.2879386471117e+00,-1.0499624863487e+00,1.1243563165316e+00,0.0000000000000e+00
108           9|8|sub|17|23|mult|mult:1.3817830729280e+01,7.3583549145071e+00,-1.0721509608383e+00,9.2765797958257e+00,1.1244848305836e+00,0.0000000000000e+00
109           11|20|div|37|7|div|sub:2.1608623537140e+03,0.0000000000000e+00,1.0643097490487e-01,-3.3501756814940e+00,9.5922758838759e+01,-8.0494588797220e+00
110           17|23|mult|9|8|sub|mult:8.4279420917318e+00,1.3732422783014e+01,1.1233850311444e+00,0.0000000000000e+00,-1.1133499695663e+00,1.0156799766054e+01
111           23|17|mult|9|8|sub|mult:1.1330505487704e+01,1.3576406788064e+01,1.1214471359956e+00,0.0000000000000e+00,1.2208454778168e+01,-1.2177803900505e+00
112           8|22|mult|1|0|div|sub:1.9433330206482e+00,0.0000000000000e+00,8.6835122280975e+00,-7.1493581799886e+00,-5.6180590467118e+01,-1.7611723413104e+00
113           10|2|div|17|0|div|sub:5.2825458306000e-02,0.0000000000000e+00,-4.0942868368414e+01,-8.5738468555557e+00,-5.9104013079317e+01,-1.1983783584109e+01
114           19|2|div|23|0|div|sub:9.9186909367030e-01,0.0000000000000e+00,3.8678149854217e-03,-6.7850097173661e+00,-8.4779200922951e-01,-1.2137799772291e+01
115           36|19|sub|35|sin|mult:1.4860237925641e-01,3.5731087688446e-01,-3.1865229790878e+00,8.0960689802662e-01,1.3222337016864e+00,0.0000000000000e+00
116           18|17|abd|17|18|mult|mult:-1.8625441432505e-02,1.4358435610912e-01,-1.1577317043451e-01,-2.8612888162136e-01,1.3056586188889e+00,-2.9462087807509e-01
117           39|34|mult|27|15|div|sub:9.4934863371188e+00,0.0000000000000e+00,-6.7350824260856e-01,-1.5160794301543e+00,-3.4273257854675e+00,-1.3924950970202e+00
118           11|20|div|36|7|div|sub:4.9661800300499e+00,0.0000000000000e+00,1.0640978537946e+02,-3.3911997981395e+00,8.1948283932012e+01,-8.0464448505900e+00
119           0|33|div|3|9|mult|mult:2.7515184407773e+01,8.3620984532289e+02,-3.2830492742784e+01,-9.4187210379158e+01,-4.6385888974424e+00,-1.7276176079755e+00
#-----------------------------------------------------------------------
120           8|3|mult|37|21|div|mult:3.0858092008078e+02,4.1092527986301e-02,-2.8836256803397e-05,-5.5762957289020e+00,-7.2180202703034e+01,-1.9842693573271e+01
121           3|8|mult|37|21|div|mult:3.0866643966213e+02,4.1069290495846e-02,-2.9499285332376e-05,-5.5762854979505e+00,-1.9841674475476e+01,-7.2180792113986e+01
122           34|17|sub:1.9189848081886e+00,0.0000000000000e+00|18|4|sub:2.3267199616278e-03,0.0000000000000e+00|div
123           19|17|sub:9.3780247452489e-01,0.0000000000000e+00|16|4|sub:4.7537125091119e-03,0.0000000000000e+00|div
124           31|30|sub:1.0033643074381e+00,0.0000000000000e+00|18|4|sub:2.3267199616278e-03,0.0000000000000e+00|div
125           17|16|sub:3.4177405232319e-01,0.0000000000000e+00|18|4|sub:2.3267199616278e-03,0.0000000000000e+00|div
126           24|23|abd|18|4|sub:2.3267199616278e-03,0.0000000000000e+00|div
127           29|26|sub:5.8937556932118e-01,0.0000000000000e+00|16|4|sub:4.7537125091119e-03,0.0000000000000e+00|div
128           24|23|sub|16|4|sub:4.7537125091119e-03,0.0000000000000e+00|div
129           36|35|sub|16|4|sub:4.7537125091119e-03,0.0000000000000e+00|div
130           31|30|abd|18|4|sub:2.3267199616278e-03,0.0000000000000e+00|div
131           18|17|abd|18|4|sub:2.3267199616278e-03,0.0000000000000e+00|div
132           27|26|abd|18|4|sub:2.3267199616278e-03,0.0000000000000e+00|div
133           17|cb|18|4|sub:2.3267199616278e-03,0.0000000000000e+00|div
134           19|17|sub|16|4|sub:4.7537125091119e-03,0.0000000000000e+00|div
135           19|17|abd|18|4|sub:2.3267199616278e-03,0.0000000000000e+00|div
136           18|17|abd|16|4|sub:4.7537125091119e-03,0.0000000000000e+00|div
137           18|17|sub:9.8777087593774e-01,0.0000000000000e+00|18|4|sub:2.3267199616278e-03,0.0000000000000e+00|div
138           18|17|sub|18|4|sub:2.3267199616278e-03,0.0000000000000e+00|div
139           35|24|sub:2.3732046598209e-01,0.0000000000000e+00|18|4|sub:2.3267199616278e-03,0.0000000000000e+00|div
140           25|23|sub|18|4|sub:2.3267199616278e-03,0.0000000000000e+00|div
141           19|17|abd|16|4|sub:4.7537125091119e-03,0.0000000000000e+00|div
142           35|34|sub:6.5626864099687e-01,0.0000000000000e+00|18|4|sub:2.3267199616278e-03,0.0000000000000e+00|div
143           37|35|sub|18|4|sub:2.3267199616278e-03,0.0000000000000e+00|div
144           3|8|mult|34|21|div|mult:2.2891370091610e+02,-5.4622278894210e-02,-1.6736205063593e-04,-5.5618698890971e+00,-1.9159622050190e+01,-7.1080149122157e+01
145           19|17|sub:9.3780247452489e-01,0.0000000000000e+00|18|4|sub:2.3267199616278e-03,0.0000000000000e+00|div
146           24|23|sub|18|4|sub:2.3267199616278e-03,0.0000000000000e+00|div
147           19|17|sub|18|4|sub:2.3267199616278e-03,0.0000000000000e+00|div
148           29|26|sub:5.8937556932118e-01,0.0000000000000e+00|18|4|sub:2.3267199616278e-03,0.0000000000000e+00|div
149           36|35|sub|18|4|sub:2.3267199616278e-03,0.0000000000000e+00|div
#-----------------------------------------------------------------------
