# FEAT_ID     Feature Postfix Expression (RPN)
0             14|1|sub:3.8487462576975e+02,0.0000000000000e+00
1             39|1|mult
2             8|inv
3             25|1|sub:2.2813269562564e+06,0.0000000000000e+00
4             14|8|div
5             40|8|div
6             1|19|div
7             1|20|div
8             41|1|mult
9             42|1|mult
10            40|1|mult
11            42|7|div
12            1|13|div
13            1|26|div
14            41|7|div
15            40|7|div
16            1|exp:3.5313468964889e+00,0.0000000000000e+00
17            1|14|div
18            14|7|div
19            1|25|div
20            1|4|div
21            7|inv
22            13|7|div
23            1|0|mult
24            2|3|div
25            1|5|div
26            1|sq
27            1|8|div
28            1|7|div
29            1|cb
#-----------------------------------------------------------------------
30            26|0|abd
31            13|0|div
32            1|2|div
33            0|sqrt
34            22|3|div
35            32|0|div
36            23|3|div
37            24|3|div
38            25|0|abd
39            21|3|div
40            0|cbrt
41            3|inv
42            32|3|div
43            1|3|div
44            3|log
45            19|3|div
46            20|3|div
47            31|3|div
48            0|cos
49            0|3|div
50            26|3|div
51            0|nexp
52            25|3|div
53            0|inv
54            3|nexp
55            26|0|div
56            19|0|div
57            2|0|sub:4.6068482557534e-01,0.0000000000000e+00
58            20|0|div
59            25|0|div
#-----------------------------------------------------------------------
60            41|2|mult
61            40|2|mult
62            9|2|mult
63            11|2|mult
64            39|2|mult
65            12|2|mult
66            10|2|mult
67            33|2|mult
68            35|2|mult
69            8|3|sub:1.8404632542185e+00,0.0000000000000e+00
70            9|3|mult
71            11|3|mult
72            33|3|mult
73            12|3|mult
74            36|2|mult
75            10|3|mult
76            35|3|mult
77            34|2|mult
78            36|3|mult
79            23|3|mult
80            22|3|mult
81            42|3|mult
82            34|3|mult
83            40|3|mult
84            24|3|mult
85            41|3|mult
86            21|3|mult
87            39|3|mult
88            31|7|div
89            31|8|div
#-----------------------------------------------------------------------
90            32|2|mult
91            2|sq
92            16|3|mult
93            15|2|mult
94            3|2|mult
95            32|3|mult
96            0|sp
97            17|2|mult
98            2|cb
99            18|2|mult
100           3|cb
101           2|sp
102           16|2|mult
103           3|37|div
104           2|37|div
105           29|3|mult
106           30|3|mult
107           27|3|mult
108           28|3|mult
109           22|2|mult
110           29|2|mult
111           23|2|mult
112           21|2|mult
113           24|2|mult
114           27|2|mult
115           30|2|mult
116           3|38|div
117           28|2|mult
118           2|38|div
119           42|2|mult
#-----------------------------------------------------------------------
120           9|6|div
121           16|12|mult
122           11|6|div
123           37|16|mult
124           16|8|mult
125           12|4|div
126           23|5|mult
127           32|16|sub:5.5992085790292e+00,0.0000000000000e+00
128           18|10|mult
129           15|5|mult
130           37|10|mult
131           37|31|sub:8.8415864094995e+01,0.0000000000000e+00
132           12|6|div
133           24|5|mult
134           17|5|mult
135           22|9|mult
136           37|32|sub:7.6599495003051e+01,0.0000000000000e+00
137           16|10|mult
138           22|11|mult
139           21|10|mult
140           24|12|mult
141           10|6|div
142           23|10|mult
143           10|4|div
144           22|5|mult
145           18|5|mult
146           22|12|mult
147           24|10|mult
148           16|5|mult
149           22|10|mult
#-----------------------------------------------------------------------
